157.5 72.5 234.465 181.774
87.5 -317.5 -22.517 66.7019
202.5 -192.5 -48.6194 -11.4925
787.5 252.5 64.1719 65.3701
-262.5 252.5 -168.119 391.403
257.5 -287.5 150.221 -159.206
-797.5 -797.5 99.1405 142.637
97.5 27.5 -24.895 31.238
-27.5 -42.5 -72.4422 -24.1589
-797.5 -797.5 -138.491 135.631
182.5 -552.5 57.8432 -7.15607
-797.5 -797.5 -276.244 -18.4287
-797.5 -797.5 -75.0542 -21.7448
22.5 -27.5 117.852 9.10079
-12.5 27.5 18.4122 140.129
-127.5 -52.5 -194.812 -32.0274
102.5 102.5 -9.71074 5.81033
797.5 -227.5 306.342 231.08
-22.5 77.5 151.052 280.508
277.5 -242.5 163.641 -209.738
-797.5 -372.5 -33.5384 -59.3968
302.5 -122.5 385.509 -81.6827
-797.5 -797.5 -73.2613 -166.776
102.5 -17.5 56.2188 88.3569
-797.5 -602.5 -220.385 -103.48
102.5 -77.5 79.7062 -37.3682
-102.5 -92.5 -43.7189 -23.6486
-272.5 262.5 96.1675 -192.359
-82.5 -87.5 27.3052 -54.6545
-357.5 -332.5 -232.778 -1.39011
112.5 142.5 -61.2587 258.808
-797.5 -797.5 293.326 229.252
37.5 -92.5 -1.3762 -48.2358
752.5 -162.5 118.313 -69.8283
207.5 -117.5 148.285 -79.9973
-797.5 -797.5 -92.8124 61.0756
212.5 792.5 142.319 74.265
-707.5 -97.5 125.474 -54.6644
-342.5 467.5 -267.209 265.613
-797.5 -797.5 88.8598 108.111
-797.5 -797.5 133.182 -57.9552
12.5 27.5 -11.0121 52.8294
47.5 -37.5 32.5271 38.7479
52.5 -57.5 54.5959 -60.4727
107.5 -27.5 -3.35131 -29.4409
-797.5 -797.5 -153.01 -207.383
302.5 -477.5 14.4379 57.4432
47.5 -92.5 3.85024 54.3533
-32.5 -52.5 -8.3603 -46.1491
592.5 -687.5 400.866 89.1193
-162.5 97.5 -96.4903 67.1643
137.5 107.5 63.5051 13.9093
7.5 -12.5 98.1889 89.9459
117.5 17.5 130.271 14.2195
157.5 -107.5 111.903 -200.703
-2.5 -702.5 18.1421 -116.733
22.5 7.5 -18.121 -25.8503
792.5 -427.5 284.288 -62.0982
107.5 -57.5 12.1288 -70.9743
-797.5 -797.5 215.555 -118.887
312.5 -297.5 369.43 -230.845
7.5 -32.5 21.4348 -17.837
662.5 -452.5 160.244 -142.229
-797.5 -797.5 477.382 108.148
-797.5 -797.5 35.2076 77.3007
-72.5 -502.5 56.0002 -291.371
-97.5 -57.5 -92.3655 -65.1003
-117.5 -202.5 30.4213 -23.7714
-12.5 -37.5 43.904 -24.8614
-337.5 -432.5 -47.2654 -88.7968
172.5 242.5 43.2626 132.494
-57.5 187.5 -73.2551 395.742
-82.5 -302.5 -148.581 -59.137
287.5 -62.5 315.366 -75.5988
-132.5 -117.5 -137.347 -112.955
-797.5 -797.5 50.0597 -167.053
-62.5 -42.5 -83.5372 -54.7291
392.5 397.5 217.247 171.668
-212.5 -332.5 -46.4489 -2.0764
-797.5 -797.5 68.1937 -35.6319
-252.5 452.5 -210.575 288.73
2.5 -237.5 152.043 -135.624
-327.5 -222.5 -201.932 3.78457
-332.5 87.5 -197.21 216.551
-137.5 162.5 -145.309 129.328
-797.5 -797.5 91.4301 -29.7687
87.5 237.5 100.648 187.302
-797.5 -797.5 20.9703 -46.7169
-797.5 -797.5 9.20427 -8.21036
-42.5 127.5 103.874 -12.712
-2.5 -17.5 242.972 58.6781
707.5 -242.5 -141.622 3.63028
-552.5 -152.5 -392.115 -44.4308
-797.5 -797.5 88.4165 268.998
7.5 -2.5 94.8261 -10.144
-117.5 202.5 -150.784 -163.897
-797.5 -797.5 -181.072 -179.853
-42.5 -487.5 -39.782 -200.251
-467.5 -797.5 -64.3021 -422.173
-797.5 -797.5 195.618 142.703
-17.5 12.5 -34.6291 6.6758
-157.5 202.5 -12.8512 236.916
-22.5 72.5 -97.5221 21.144
-182.5 92.5 -197.299 44.9393
377.5 -7.5 177.601 -76.9786
-27.5 -77.5 -39.2792 205.734
187.5 -187.5 134.629 -386.999
192.5 -142.5 32.7767 26.5726
-312.5 -102.5 -295.631 -53.4119
-797.5 -797.5 -203.878 82.1068
-797.5 -797.5 -28.4898 -241.509
-47.5 -7.5 19.2241 335.813
177.5 -277.5 -1.18331 -147.072
-327.5 -197.5 -157.876 -46.6426
-32.5 -77.5 -4.92022 -48.802
-47.5 -82.5 -91.9276 24.8452
-797.5 -797.5 188.718 -7.0955
-797.5 -797.5 248.686 -264.388
-72.5 -27.5 -170.854 -6.15727
-797.5 -797.5 290.831 -233.488
-797.5 -797.5 -68.181 -1.75582
-797.5 -797.5 196.768 -55.1137
-107.5 132.5 20.7711 95.581
117.5 87.5 323.031 119.493
-797.5 -797.5 -302.753 13.4171
767.5 312.5 381.182 152.639
-797.5 -797.5 -205.542 -198.196
-797.5 -797.5 50.5909 -8.76078
-797.5 -322.5 -153.812 -92.3833
452.5 -117.5 160.677 -5.92468
-797.5 -797.5 -138.633 -6.43693
-217.5 -402.5 368.315 -363.427
-92.5 -17.5 -104.958 52.3882
12.5 -52.5 -104.396 -33.4851
-797.5 -797.5 -41.2674 -243.41
-797.5 -797.5 -301.193 -241.09
-797.5 -797.5 -21.1119 -47.2017
-7.5 -87.5 185.911 -36.3274
-347.5 242.5 80.249 -53.4825
-72.5 -87.5 -86.59 -36.7037
-797.5 -797.5 108.102 -66.3087
77.5 -457.5 -107.71 -454.635
652.5 142.5 -1.24164 -0.658368
507.5 202.5 146.157 104.671
-127.5 -57.5 51.2527 57.9647
167.5 57.5 200.551 58.8423
-797.5 -797.5 77.0964 84.8362
107.5 -42.5 28.8621 12.7549
-172.5 -152.5 -44.7185 -228.587
217.5 -212.5 468.572 -9.56393
-797.5 -797.5 -52.8394 -158.433
77.5 272.5 -173.25 62.8195
92.5 -2.5 8.50516 10.9411
-37.5 2.5 -49.257 15.6453
247.5 37.5 111.627 -11.1271
-797.5 -797.5 159.615 -64.7637
597.5 432.5 -81.8938 8.9684
-212.5 -187.5 -87.6219 -162.255
82.5 -37.5 98.8402 -34.4069
447.5 -492.5 141.904 -302.13
82.5 -187.5 -137.968 189.789
-237.5 -467.5 -57.9621 -16.5089
747.5 -167.5 216.059 -46.0131
-797.5 -797.5 -59.9765 -75.9232
147.5 237.5 94.6488 94.7765
-797.5 -797.5 -111.677 -402.421
-797.5 -797.5 -282.492 42.6833
332.5 22.5 21.3033 66.9498
-797.5 -797.5 45.4577 -227.453
-797.5 -587.5 -107.164 -318.892
-797.5 -797.5 193.892 -62.9852
392.5 -427.5 83.892 -181.284
407.5 37.5 -23.3317 184.958
-437.5 -202.5 172.135 -41.2331
-797.5 -797.5 -173.483 -115.578
-797.5 -797.5 6.3694 -106.024
-797.5 -797.5 -24.7334 -34.0414
87.5 52.5 188.882 66.6929
-797.5 -797.5 64.4073 -132.465
-52.5 102.5 -197.499 88.8903
-17.5 -27.5 32.494 -49.2513
-487.5 87.5 -265.982 -268.965
57.5 87.5 81.5068 151.013
-797.5 -797.5 -53.4363 -30.486
-2.5 12.5 40.9546 112.961
-12.5 -347.5 58.4646 -239.193
-797.5 -797.5 -117.147 -83.3647
-797.5 -797.5 -80.4256 -19.4085
27.5 62.5 -15.8213 80.9214
-797.5 -797.5 -137.668 -13.6194
147.5 57.5 80.4237 75.5413
-72.5 217.5 -191.518 339.837
422.5 372.5 28.7746 -27.9112
7.5 -117.5 5.60748 -20.0111
-92.5 -192.5 -611.611 31.5957
-292.5 52.5 -214.383 123.878
37.5 -27.5 246.468 149.183
-627.5 -387.5 -367.027 -85.9378
-17.5 -42.5 -164.818 5.52823
-47.5 37.5 -54.7453 25.7303
-122.5 2.5 -88.7603 58.5103
7.5 -12.5 14.1722 -16.0526
217.5 -387.5 53.2926 -31.4781
-192.5 -102.5 -343.319 -121.724
-107.5 -442.5 -139.122 -189.714
77.5 32.5 10.292 171.524
-797.5 -797.5 298.122 -433.726
-282.5 452.5 -207.333 310.635
-102.5 37.5 -75.6363 65.2543
-797.5 -797.5 -5.89941 62.0418
82.5 297.5 -117.779 74.1464
-137.5 -127.5 -154.438 -122.037
-492.5 -92.5 -346.607 94.8005
307.5 277.5 69.5372 381.729
-797.5 -797.5 -98.3442 -0.863681
-597.5 102.5 -119.169 137.514
202.5 -132.5 180.638 -69.3063
462.5 -412.5 103.432 53.3273
312.5 -617.5 107.506 -60.4384
12.5 -2.5 170.225 51.6236
57.5 -2.5 183.918 -42.6058
-797.5 -797.5 346.015 435.9
-797.5 -797.5 -40.6184 70.7995
-797.5 -797.5 320.636 64.823
-797.5 -797.5 -31.1953 -81.7368
-22.5 -12.5 18.9934 57.6837
-792.5 -267.5 -39.614 18.5346
-797.5 -797.5 -183.563 -164.952
-797.5 -797.5 77.3497 140.253
-592.5 522.5 -427.23 153.245
202.5 -157.5 198.586 -112.138
122.5 -67.5 124.607 -200.104
-387.5 -212.5 -288.137 -202.832
-22.5 37.5 -23.8663 76.3021
-797.5 -797.5 10.4568 -3.68565
-797.5 -797.5 243.701 -94.969
-797.5 -797.5 -27.7207 173.691
-92.5 -77.5 -65.0727 -31.529
767.5 -452.5 -19.8375 80.0007
-797.5 -797.5 -2.2839 26.1781
-797.5 -797.5 379.996 -192.434
-797.5 -797.5 79.2826 -112.929
362.5 -12.5 363.173 -10.851
237.5 -232.5 304.532 -134.726
-797.5 -797.5 48.5369 207.018
-147.5 92.5 -111.39 219.548
112.5 2.5 137.036 148.667
-797.5 -797.5 -95.6389 62.6304
-797.5 -797.5 -0.966989 -28.7328
-87.5 -192.5 -79.7913 -32.3944
17.5 42.5 17.7013 103.946
72.5 57.5 86.1267 9.42616
-222.5 -292.5 -209.814 -185.028
-477.5 -217.5 -1.35976 -65.123
222.5 127.5 238.208 121.913
-797.5 -797.5 8.76649 -54.9099
-797.5 -797.5 213.32 -270.876
-67.5 -247.5 34.0136 -205.657
-797.5 -797.5 -98.4444 21.988
332.5 -137.5 361.274 -72.3862
-797.5 -797.5 -89.3652 101.269
-797.5 -797.5 -95.9294 11.7123
-67.5 -67.5 -347.915 29.1822
117.5 57.5 98.8136 62.3897
-797.5 -797.5 45.6429 34.6089
-797.5 -797.5 -79.798 111.956
-32.5 -247.5 40.3079 -305.507
-797.5 -797.5 -38.4877 11.0148
-797.5 -797.5 270.957 -172.687
-797.5 -797.5 -74.576 -16.7018
-797.5 -797.5 94.747 -30.6562
-797.5 -797.5 350.473 173.746
-57.5 -12.5 -58.9306 12.022
82.5 -147.5 -79.1715 -94.4412
147.5 -117.5 120.899 -110.281
172.5 -387.5 -95.6741 -192.672
-797.5 -797.5 -128.371 58.6378
12.5 -292.5 26.0135 -196.04
17.5 -37.5 93.0241 -18.1982
-797.5 -797.5 19.3838 80.6182
522.5 -272.5 94.3138 -178.958
122.5 27.5 172.01 280.701
102.5 -157.5 30.7763 -66.0419
-32.5 7.5 -173.525 76.6837
47.5 102.5 26.9225 21.0458
-797.5 -797.5 -255.18 -17.2855
137.5 27.5 74.7096 -57.9479
72.5 -12.5 110.93 267.023
-127.5 157.5 -96.4902 197.453
-82.5 -87.5 -109.394 -112.638
-497.5 -172.5 -182.917 49.5986
-797.5 -797.5 88.6189 -5.18632
32.5 -2.5 15.2283 20.4355
-187.5 42.5 45.1667 -20.9601
122.5 52.5 15.0608 -31.3542
7.5 -32.5 9.97512 -22.4045
2.5 2.5 25.1458 60.5728
757.5 -17.5 -79.4091 -48.5016
-797.5 -797.5 -165.769 -31.846
-2.5 2.5 50.8362 12.8773
